258190 471040
258190 471040
258190 471040
258320 470950 
258550 470890 
258130 471200 
258068.631521739 471377.294369565
258086.83 471360.8 
258144.932 471344.843 
258280 471150 
258030.34 471443.71 
257968.755 471287.2 
257646.57 471100.32 
257452.066212835 471319.095491378 
257700 471540 
258028.545 471581.25 
258396.72 471250.16 
258060.998 471396.004 
258092.99 471520.922 
58248.148 471438.937 
257889.559377914 472419.834787927 
257790.353 470852.418 
258302.16 471259.8 
258099.906 471265.527